BloodImage_00385_jpg.rf.865551dd16b189945cbba0fe51baa151.jpg 274,161,350,251,1 97,180,173,270,1 56,124,110,200,1 64,15,136,119,1 1,1,70,94,1 7,217,82,314,1 0,318,75,415,1 84,281,147,367,1 189,183,265,273,1 316,1,392,90,1 239,1,313,68,1 283,288,350,378,1 368,259,415,351,1 173,88,254,191,1 142,262,289,415,2 121,74,159,122,0 134,1,168,47,0 1,297,18,330,0
BloodImage_00235_jpg.rf.283fff79a1188b82f5a544d381909c2d.jpg 1,144,58,245,1 96,180,163,283,1 312,297,393,406,1 151,89,305,292,2
BloodImage_00266_jpg.rf.2521623f1047a9502b2705a626ad6655.jpg 331,128,404,220,1 289,127,334,224,1 224,190,297,284,1 187,295,265,386,1 1,134,56,213,1 197,76,253,155,1 247,11,303,90,1 366,218,415,304,1 54,1,118,86,1 34,76,106,157,1 2,214,122,381,2 376,367,405,395,0 202,280,266,341,1 113,183,187,245,1
BloodImage_00062_jpg.rf.1be1ca0ecdf783798fc10346baaa203e.jpg 91,140,172,219,1 234,245,293,324,1 279,262,363,362,1 339,200,409,284,1 255,133,343,226,1 266,49,327,134,1 242,1,303,85,1 355,41,415,127,1 112,1,186,80,1 40,1,104,62,1 1,22,43,105,1 59,226,162,346,2 172,70,198,109,0
BloodImage_00359_jpg.rf.03331bc3903822adbe982fe9e7cd061b.jpg 146,202,211,281,1 314,192,365,262,1 233,157,304,249,1 218,320,289,412,1 144,305,215,397,1 246,242,317,328,1 275,28,332,108,1 335,250,409,333,1 14,63,84,148,1 81,65,146,144,1 146,16,213,108,1 212,63,277,165,1 360,34,415,144,1 93,1,157,56,1 1,174,142,366,2
BloodImage_00337_jpg.rf.b6cb228440b9158cafec01a0351e3aad.jpg 257,192,322,279,1 31,101,90,184,1 91,91,144,183,1 54,323,115,396,1 305,236,337,363,1 348,250,410,332,1 230,268,308,360,1 314,83,375,161,1 344,75,408,150,1 232,58,293,142,1 13,223,69,305,1 7,264,66,344,1 184,89,233,179,1 83,218,223,381,2
BloodImage_00133_jpg.rf.39ee4e4a097a7b40defa56aea6533caf.jpg 306,10,385,113,1 359,173,415,276,1 338,270,411,373,1 38,225,111,325,1 218,137,288,222,1 55,329,124,414,1 148,277,222,372,1 1,284,38,374,1 245,269,295,353,1 88,1,196,101,0
BloodImage_00160_jpg.rf.894e8c8c7179ec9958a4d6c7b6b45616.jpg 110,160,182,249,1 261,186,333,275,1 326,263,397,351,1 320,55,391,143,1 1,27,72,118,1 96,257,176,347,1 171,67,250,157,1 277,127,344,202,1 91,1,158,74,1 43,125,72,163,0 169,253,315,415,2
BloodImage_00275_jpg.rf.585f5abcf10f926c74ac2e2340bbdf44.jpg 63,51,142,136,1 139,33,208,121,1 74,220,146,310,1 343,181,413,261,1 201,82,270,162,1 223,81,288,150,1 289,48,354,117,1 1,162,85,270,1 63,314,131,405,1 275,268,338,345,1 319,319,399,415,1 118,116,194,200,1 188,306,261,392,1 1,21,54,117,1 176,167,271,283,2 53,146,82,177,0
BloodImage_00301_jpg.rf.885ee9fbea0573ba35b9561a5d1d0437.jpg 181,170,238,252,1 234,207,291,290,1 340,95,397,178,1 291,172,369,268,1 119,83,198,179,1 107,174,174,266,1 124,1,192,91,1 59,148,126,240,1 322,264,390,356,1 176,293,244,385,1 102,321,170,413,1 1,270,68,362,1 68,247,135,339,1 198,12,339,186,2 385,240,409,272,0
BloodImage_00190_jpg.rf.3e0bf272a5f8ea902775e4cbc56c538c.jpg 167,14,243,102,1 268,32,329,118,1 75,9,135,86,1 335,125,411,247,1 243,206,315,298,1 327,39,399,132,1 29,82,94,172,1 303,273,375,366,1 105,262,177,354,1 210,287,282,379,1 74,339,154,415,1 313,359,392,415,1 118,100,258,283,2 312,181,342,219,0
BloodImage_00336_jpg.rf.8d3e710e8696c10bcbb101dc8a553ca0.jpg 41,63,108,152,1 154,187,225,302,1 84,260,149,343,1 237,266,321,369,1 321,31,386,120,1 115,22,177,114,1 42,167,118,246,1 29,319,95,386,1 343,251,411,337,1 37,220,146,282,1 182,37,330,205,2
BloodImage_00302_jpg.rf.911302bb5caaf9467e101afeece651e1.jpg 64,339,141,408,1 79,239,164,337,1 69,16,153,118,1 139,55,219,154,1 332,255,405,355,1 300,277,369,358,1 260,294,319,375,1 223,296,272,375,1 192,298,244,384,1 189,209,263,290,1 279,162,353,244,1 78,124,161,234,1 1,252,53,390,2
BloodImage_00241_jpg.rf.757020b43fe3414a0f66770f54da283f.jpg 257,98,320,179,1 119,103,180,247,1 245,177,313,273,1 319,79,406,204,1 342,1,415,85,1 60,229,131,321,1 162,22,290,178,2
BloodImage_00289_jpg.rf.72f51d668e5ebc31700b1a10e8f7dec8.jpg 117,244,177,335,1 160,298,220,389,1 281,223,358,313,1 338,176,415,267,1 348,87,415,179,1 216,242,288,348,1 105,1,182,88,1 36,57,112,146,1 91,141,168,230,1 1,234,76,322,1 163,48,313,250,2
BloodImage_00134_jpg.rf.0d9da503b62e0034a2819a39cce7e7d9.jpg 163,170,264,292,2 3,394,25,416,0 387,225,416,266,0
BloodImage_00334_jpg.rf.8b2c2a9c5a39e78eb74aa26c82967069.jpg 131,260,192,340,1 196,300,248,380,1 348,172,415,271,1 85,87,177,185,1 23,220,109,319,1 320,333,397,415,1 204,27,290,108,1 67,332,138,415,1 307,99,377,185,1 356,268,415,357,1 154,109,295,308,2
BloodImage_00369_jpg.rf.c3818de705d661536ed7e4ce49040020.jpg 179,251,241,354,1 255,264,317,331,1 7,218,81,305,1 83,266,146,365,1 5,289,78,383,1 104,119,176,211,1 326,210,403,298,1 261,328,338,407,1 158,98,227,203,1 1,70,64,155,1 1,147,72,237,1 72,43,148,128,1 253,38,325,102,1 323,25,390,130,1 154,357,223,415,1 195,1,258,74,1 45,1,106,74,1 211,93,339,263,2 227,343,256,389,0 383,111,415,169,0
BloodImage_00227_jpg.rf.d1790b0cdc042312d1e0af86a5c13519.jpg 202,82,279,182,1 1,51,62,136,1 47,29,125,115,1 34,329,99,410,1 275,349,355,415,1 339,45,398,126,1 267,149,326,230,1 54,139,118,216,1 6,268,74,349,1 320,153,388,234,1 277,1,340,75,1 99,206,252,394,2
BloodImage_00112_jpg.rf.978cec39235980055c2ad7ff8b6f1912.jpg 116,303,181,380,1 106,122,171,199,1 133,26,204,124,1 62,1,129,70,1 186,225,253,318,1 291,111,358,204,1 280,211,342,292,1 275,333,338,415,1 240,16,282,76,1 1,49,64,119,1 230,107,295,194,1 15,133,80,210,1 1,229,105,359,2 346,93,377,131,0 51,146,117,242,1
BloodImage_00265_jpg.rf.7d102d5f38caddb90a465912fb7bdc5c.jpg 94,300,157,378,1 1,62,53,139,1 70,1,132,56,1 130,1,202,74,1 46,67,118,141,1 23,219,83,309,1 49,256,95,335,1 19,303,84,396,1 136,94,201,186,1 310,116,365,189,1 156,190,285,341,2
BloodImage_00386_jpg.rf.c708422b2d9c642f200a853e70012850.jpg 1,264,69,367,1 128,63,193,142,1 187,305,256,407,1 304,204,385,309,1 288,338,353,415,1 288,28,352,121,1 346,17,415,126,1 292,130,374,215,1 208,1,290,85,1 211,81,293,166,1 214,169,296,254,1 75,266,157,351,1 100,351,179,415,1 1,89,80,185,1 99,138,245,334,2
BloodImage_00204_jpg.rf.04ba9998769a12d374e6c4b284e6a4a2.jpg 3,326,72,412,1 191,43,260,129,1 95,180,150,248,1 315,267,380,353,1 368,167,415,255,1 279,56,343,142,1 341,13,405,92,1 219,1,287,83,1 24,123,90,222,1 40,33,125,152,1 89,343,141,413,1 283,156,356,231,1 283,370,343,414,1 388,52,415,132,1 165,221,286,373,2 173,47,197,72,0 1,217,19,244,0
BloodImage_00113_jpg.rf.a17463f1ddc2e7729f935f8a74bc86a4.jpg 170,131,238,212,1 110,20,177,101,1 323,154,380,215,1 346,247,416,337,1 55,317,126,383,1 7,57,65,160,1 237,131,315,232,1 195,230,263,320,1 372,1,416,61,1 245,341,307,413,1 7,281,66,355,1 41,177,154,311,2 167,373,187,396,2
BloodImage_00120_jpg.rf.6725d54bf5615683448eb1de4c7577ee.jpg 275,166,349,252,1 34,122,125,227,1 230,240,312,341,1 145,199,227,300,1 334,311,400,395,1 160,1,224,74,1 65,42,129,117,1 60,251,123,326,1 256,337,305,407,1 104,66,217,191,2
BloodImage_00284_jpg.rf.63402cee4454cb6d7655b83cacc29817.jpg 148,74,213,181,1 146,72,212,179,1 238,1,303,83,1 223,118,288,201,1 108,169,186,252,1 64,258,144,363,1 284,72,364,177,1 297,246,366,342,1 359,291,415,372,1 1,217,61,322,1 140,181,336,415,2
BloodImage_00044_jpg.rf.e7760375eba4bc20c5746367e2311e18.jpg 128,223,225,356,2 1,35,79,134,2 44,321,136,410,1 45,250,100,332,1 266,47,336,139,1 32,123,102,216,1 135,51,205,144,1 111,126,181,218,1 196,20,266,113,1 327,146,397,238,1 338,82,408,174,1 329,26,399,119,1 335,359,405,415,1 1,280,51,377,1 338,327,361,358,0 365,318,388,349,0 230,376,253,407,0 74,109,98,136,0 252,277,314,357,1 326,269,349,300,0
BloodImage_00191_jpg.rf.313648dd345edbdd005886613a01fe5d.jpg 230,1,301,87,1 193,85,262,204,1 197,229,276,331,1 32,54,111,169,1 134,19,195,102,1 365,1,416,74,1 112,148,190,247,1 351,233,415,313,1 334,297,412,381,1 197,333,250,415,1 373,137,415,242,1 1,292,45,394,1 1,115,46,194,1 167,10,228,93,1 275,66,372,184,2
BloodImage_00350_jpg.rf.e2c472c90de4ce51fe4f21b093db6ece.jpg 116,247,269,415,2
BloodImage_00154_jpg.rf.e5b45569e9cbede1ed36f82f14566c29.jpg 135,241,203,347,1 161,201,228,292,1 211,142,279,233,1 167,91,235,182,1 65,340,161,415,1 1,52,68,143,1 230,4,334,133,2 150,127,174,154,0
BloodImage_00090_jpg.rf.cdbf8f6ed3b93fa902a0bc991132cb40.jpg 150,124,233,211,1 154,1,226,73,1 87,68,159,141,1 52,46,112,118,1 322,1,384,68,1 69,176,129,249,1 265,332,326,405,1 300,324,360,397,1 151,327,211,400,1 306,69,371,164,1 246,1,313,62,1 13,134,78,222,1 156,227,235,337,2 261,62,286,98,0 170,64,195,100,0
BloodImage_00278_jpg.rf.cfe491c301184766df6aa73fa48a7f33.jpg 2,300,80,402,1 107,132,185,235,1 234,1,310,90,1 176,81,252,171,1 253,152,325,271,1 363,44,416,146,1 320,367,396,415,1 20,153,98,256,1 97,38,166,115,1 160,375,229,416,1 256,99,341,188,1 305,183,375,285,1 192,293,211,320,0 51,42,75,78,0 206,275,317,415,2
BloodImage_00254_jpg.rf.e95bc889425924cc7a35a7b0cea4d470.jpg 256,47,327,140,1 260,303,321,380,1 53,207,136,290,1 215,224,282,319,1 1,282,68,368,1 145,211,210,288,1 117,159,195,234,1 71,28,143,131,1 341,324,400,415,1 105,347,141,407,0 54,175,80,211,0 157,303,246,414,2
BloodImage_00099_jpg.rf.e3c42cd68359527494a53843479dff5c.jpg 248,166,309,249,1 94,130,166,216,1 75,185,147,288,1 267,211,339,314,1 330,111,391,207,1 282,10,347,105,1 350,311,416,406,1 354,227,415,310,1 34,286,96,367,1 189,19,265,97,1 146,313,223,399,1 249,347,327,415,1 18,1,91,58,1 348,1,416,67,1 89,293,151,388,1 146,198,250,299,2 219,135,240,160,0 250,57,272,84,0
BloodImage_00038_jpg.rf.ffa23e4b5b55b523367f332af726eae8.jpg 270,264,346,370,2 101,337,166,394,1 62,346,126,412,1 7,226,59,312,1 13,271,65,357,1 9,67,61,153,1 15,123,80,211,1 40,168,91,256,1 60,194,112,282,1 76,202,127,289,1 111,205,172,295,1 173,162,234,252,1 121,97,191,205,1 91,102,113,136,0 243,54,265,88,0 183,82,243,153,1 335,36,395,107,1 307,13,367,120,1 354,111,415,217,1 365,179,416,259,1 309,198,369,280,1 285,166,346,247,1 255,154,315,236,1 355,287,415,370,1 355,334,415,415,1 317,334,378,415,1 89,13,150,94,1 250,26,311,107,1
BloodImage_00325_jpg.rf.c8ab9fc71ad718a95901a00cc18c27e6.jpg 312,309,391,409,1 241,175,319,275,1 244,108,303,179,1 49,139,90,238,1 56,224,119,301,1 47,1,102,68,1 144,17,206,94,1 173,44,254,131,1 298,69,357,140,1 164,278,270,336,1 156,285,222,366,1 11,172,35,205,0 79,83,108,124,0 274,340,313,386,0 92,84,220,270,2